0.0	2.3273840020630194
0.3768844221105528	2.384866618866842
0.7537688442211056	2.5478288687382813
1.1306532663316582	2.7079296452218684
1.5075376884422111	2.8228381182097095
1.8844221105527639	2.897212618762699
2.2613065326633164	2.9746591457959366
2.6381909547738696	3.0105607213207417
3.0150753768844223	3.0335541904335632
3.391959798994975	3.07553633794588
3.7688442211055277	3.1424825358661366
4.1457286432160805	3.2142718213711614
4.522613065326633	3.2725640725991916
4.899497487437186	3.3223353876446113
5.276381909547739	3.356931736822873
5.653266331658291	3.3541229858880013
6.030150753768845	3.275956423323606
6.407035175879397	3.191703049688148
6.78391959798995	3.1329247010850714
7.160804020100502	3.093904109915279
7.5376884422110555	3.027382892286605
7.914572864321608	2.9271801133793796
8.291457286432161	2.810516256263316
8.668341708542714	2.688664036206674
9.045226130653266	2.587874072441193
9.422110552763819	2.6114931034745954
9.798994974874372	2.6636745730015843
10.175879396984925	2.6616070965480154
10.552763819095478	2.6495338072043624
10.92964824120603	2.6797295133059906
11.306532663316583	2.7212538172518856
11.683417085427136	2.8106046202438058
12.06030150753769	2.837448409310452
12.43718592964824	2.85190156792487
12.814070351758794	2.8426354837224
13.190954773869347	2.8234854649058714
13.5678391959799	2.8450597439879157
13.944723618090451	2.9329503637961305
14.321608040201005	3.04858671381317
14.698492462311558	3.092212352914727
15.075376884422111	3.0490275291664437
15.452261306532664	3.017666984491032
15.829145728643216	2.9794734181259765
16.20603015075377	2.9473651940834236
16.582914572864322	2.8860905252200704
16.959798994974875	2.8457884690953557
17.33668341708543	2.8338014148328656
17.71356783919598	2.8723627579207482
18.09045226130653	2.862679365680326
18.467336683417084	2.8415607353611407
18.844221105527637	2.817081797099198
19.22110552763819	2.7644293016006056
19.597989949748744	2.7299288000274453
19.974874371859297	2.73321289560151
20.35175879396985	2.792072012808261
20.728643216080403	2.819187484325899
21.105527638190956	2.819350106311236
21.482412060301506	2.8236178658920394
21.85929648241206	2.8560924621092645
22.236180904522612	2.882137728105425
22.613065326633166	2.868284799363343
22.98994974874372	2.835583050028003
23.366834170854272	2.8133111905837915
23.743718592964825	2.796230251158682
24.12060301507538	2.815907162600012
24.497487437185928	2.879812487677333
24.87437185929648	2.895892719987569
25.251256281407034	2.880899225789381
25.628140703517587	2.8499110068761397
26.00502512562814	2.8223889825024777
26.381909547738694	2.7965542144433084
26.758793969849247	2.7718045772201023
27.1356783919598	2.752184373658428
27.512562814070353	2.746280327658051
27.889447236180903	2.732270049770729
28.266331658291456	2.6987256985044596
28.64321608040201	2.7178987991119543
29.020100502512562	2.7406978756233467
29.396984924623116	2.74579113548598
29.77386934673367	2.75017748139456
30.150753768844222	2.7956639030450816
30.527638190954775	2.8498392487587565
30.90452261306533	2.87659612887332
31.281407035175878	2.893388209926166
31.65829145728643	2.8323278207784246
32.03517587939699	2.8002707455839153
32.41206030150754	2.7454365999068293
32.78894472361809	2.7388201293486647
33.165829145728644	2.78716061940297
33.54271356783919	2.79719611837464
33.91959798994975	2.7661691749064747
34.2964824120603	2.7388441872008387
34.67336683417086	2.718619084301615
35.050251256281406	2.749550503090363
35.42713567839196	2.8455193717099903
35.80402010050251	2.9120444890880655
36.18090452261306	2.880649441662164
36.55778894472362	2.7839184281919516
36.93467336683417	2.7119357214452187
37.311557788944725	2.674477045475617
37.688442211055275	2.6361431198256438
38.06532663316583	2.649628157636349
38.44221105527638	2.64632788145478
38.81909547738694	2.655416820859457
39.19597989949749	2.7027903842616423
39.57286432160804	2.785673119211244
39.949748743718594	2.8626414435153915
40.32663316582914	2.886358647875609
40.7035175879397	2.838025762898195
41.08040201005025	2.7670096973208804
41.45728643216081	2.7290512919778647
41.834170854271356	2.7371710805913687
42.21105527638191	2.742763404124407
42.58793969849246	2.7410897035215527
42.96482412060301	2.7429508485263696
43.34170854271357	2.7207882279087285
43.71859296482412	2.691305343930383
44.095477386934675	2.6977142946901247
44.472361809045225	2.7894198720750616
44.84924623115578	2.8555180764042167
45.22613065326633	2.912643171717303
45.60301507537689	2.8747418907564226
45.97989949748744	2.765545627631978
46.35678391959799	2.6696234875644356
46.733668341708544	2.5753159320057213
47.11055276381909	2.5511483606245577
47.48743718592965	2.595809478341088
47.8643216080402	2.696873455403344
48.24120603015076	2.7530367634774415
48.618090452261306	2.7908828545544053
48.994974874371856	2.8437629929183577
49.37185929648241	2.8600128449952456
49.74874371859296	2.838806013821039
50.12562814070352	2.7552056705186896
50.50251256281407	2.667013767119135
50.879396984924625	2.5900346181152956
51.256281407035175	2.5818049045140485
51.63316582914573	2.62666515333667
52.01005025125628	2.738152255653891
52.38693467336683	2.837843435741922
52.76381909547739	2.868452309507652
53.14070351758794	2.8188391505993957
53.517587939698494	2.7906157944192005
53.89447236180904	2.754902157037021
54.2713567839196	2.7396419786249058
54.64824120603015	2.6877391869565965
55.02512562814071	2.642766886271122
55.402010050251256	2.6077184886180005
55.778894472361806	2.6155288473181977
56.15577889447236	2.614862371891928
56.53266331658291	2.707224709700796
56.90954773869347	2.8175215874084647
57.28643216080402	2.897041318071078
57.663316582914575	2.877042394391395
58.040201005025125	2.795518115011893
58.41708542713568	2.7036269711423317
58.79396984924623	2.63988532895546
59.17085427135678	2.577646394039943
59.54773869346734	2.5906508256315464
59.92462311557789	2.5674004286549406
60.301507537688444	2.599140762264755
60.678391959798994	2.652104817881868
61.05527638190955	2.757002256748379
61.4321608040201	2.856898712054022
61.80904522613066	2.8922954591741328
62.185929648241206	2.831378350047221
62.562814070351756	2.736085478684861
62.93969849246231	2.703043850532942
63.31658291457286	2.6301760967010144
63.69346733668342	2.582972908131469
64.07035175879398	2.5475102767042106
64.44723618090453	2.5085418485072117
64.82412060301507	2.5006502347572646
65.20100502512562	2.5610049201429788
65.57788944723617	2.658643321568127
65.95477386934674	2.751563200478139
66.33165829145729	2.825898468768026
66.70854271356784	2.8364436171719314
67.08542713567839	2.8066211550071576
67.46231155778895	2.734105643012234
67.8391959798995	2.611221350780716
68.21608040201005	2.479251280393348
68.5929648241206	2.3940830725430975
68.96984924623115	2.394254629820838
69.34673366834171	2.5063597632445833
69.72361809045226	2.634648676675223
70.10050251256281	2.7263133543943243
70.47738693467336	2.7916455213463993
70.85427135678393	2.8291775745741408
71.23115577889448	2.8288746574919093
71.60804020100502	2.7768646587580257
71.98492462311557	2.725807281534765
72.36180904522612	2.642728219791219
72.73869346733669	2.578821894588912
73.11557788944724	2.547131566612403
73.49246231155779	2.549064781637646
73.86934673366834	2.605640507643575
74.2462311557789	2.647367889284855
74.62311557788945	2.6918187289263042
75.0	2.7209146000380877
