0.0	2.6575202165221414
0.3768844221105528	2.7529677103926957
0.7537688442211056	2.9110257757283766
1.1306532663316582	3.0405159839408755
1.5075376884422111	3.1434371442172173
1.8844221105527639	3.1952460245559946
2.2613065326633164	3.2144067568082524
2.6381909547738696	3.20553079087267
3.0150753768844223	3.202408887537324
3.391959798994975	3.2695599642206044
3.7688442211055277	3.495762070711285
4.1457286432160805	3.819152314861608
4.522613065326633	3.9959288594495606
4.899497487437186	3.947267757523117
5.276381909547739	3.7682603614292605
5.653266331658291	3.564657833557017
6.030150753768845	3.398978137869424
6.407035175879397	3.282858371775053
6.78391959798995	3.280219221032644
7.160804020100502	3.2916158130624438
7.5376884422110555	3.2715637286524157
7.914572864321608	3.169343080800736
8.291457286432161	3.080498357640781
8.668341708542714	2.9907385397157595
9.045226130653266	2.9325924377596997
9.422110552763819	2.8881249603422345
9.798994974874372	2.852243108304971
10.175879396984925	2.743774901808531
10.552763819095478	2.6463590261100802
10.92964824120603	2.611126442187975
11.306532663316583	2.631276908039387
11.683417085427136	2.727365159538992
12.06030150753769	2.847067171422706
12.43718592964824	2.9905022697592796
12.814070351758794	3.131796471470536
13.190954773869347	3.2249895759670784
13.5678391959799	3.2559675147709104
13.944723618090451	3.2678992585565267
14.321608040201005	3.1527228549696806
14.698492462311558	2.9828310622532475
15.075376884422111	2.9148882333139703
15.452261306532664	2.921339037194631
15.829145728643216	3.0401515734945215
16.20603015075377	3.1877311102446115
16.582914572864322	3.2613172423656356
16.959798994974875	3.2378512794160823
17.33668341708543	3.1809536238474725
17.71356783919598	3.098783227523159
18.09045226130653	2.9829612176906846
18.467336683417084	2.846711499981985
18.844221105527637	2.7487949856760157
19.22110552763819	2.707716495763798
19.597989949748744	2.7576578933476386
19.974874371859297	2.8499724752932
20.35175879396985	2.9487396943057727
20.728643216080403	3.013981594590593
21.105527638190956	2.958595843555544
21.482412060301506	2.8936202566374107
21.85929648241206	2.9016231747676104
22.236180904522612	2.8378594086457887
22.613065326633166	2.814503352243352
22.98994974874372	2.847980689820288
23.366834170854272	2.86115343145425
23.743718592964825	2.861747701103413
24.12060301507538	2.870352647319312
24.497487437185928	2.9190470994429303
24.87437185929648	2.9504551875001153
25.251256281407034	2.9755145966254792
25.628140703517587	2.9586175394693734
26.00502512562814	2.921754718710106
26.381909547738694	2.8722261160536027
26.758793969849247	2.802762683331043
27.1356783919598	2.7627838325519005
27.512562814070353	2.725251243442032
27.889447236180903	2.7571977522268645
28.266331658291456	2.802583331204496
28.64321608040201	2.8773954406397784
29.020100502512562	2.9173923541210183
29.396984924623116	2.9062454542971903
29.77386934673367	2.906910906703542
30.150753768844222	2.8898720206664317
30.527638190954775	2.858198424418948
30.90452261306533	2.82301300462355
31.281407035175878	2.7605860713862613
31.65829145728643	2.7479984214646334
32.03517587939699	2.794742899008906
32.41206030150754	2.8468964460990693
32.78894472361809	2.859396571815398
33.165829145728644	2.847464872551948
33.54271356783919	2.8620098759335435
33.91959798994975	2.883539826841384
34.2964824120603	2.8617879435437166
34.67336683417086	2.8170361045909345
35.050251256281406	2.712385595201825
35.42713567839196	2.640346233499244
35.80402010050251	2.608487830149678
36.18090452261306	2.623878317496944
36.55778894472362	2.7089757055285926
36.93467336683417	2.7696335752225694
37.311557788944725	2.793685183611601
37.688442211055275	2.774923095647634
38.06532663316583	2.7987852985194133
38.44221105527638	2.7581070889079897
38.81909547738694	2.713157297150786
39.19597989949749	2.6856180964062504
39.57286432160804	2.705263850960271
39.949748743718594	2.6714867499018062
40.32663316582914	2.69836402901395
40.7035175879397	2.7411322687686765
41.08040201005025	2.737242313434308
41.45728643216081	2.7679971688855876
41.834170854271356	2.826858519691721
42.21105527638191	2.8281688200030564
42.58793969849246	2.8464594358360347
42.96482412060301	2.7699014080261426
43.34170854271357	2.654884159512118
43.71859296482412	2.5870255400834834
44.095477386934675	2.596787494862505
44.472361809045225	2.664555428411254
44.84924623115578	2.728902979728821
45.22613065326633	2.7770169044289075
45.60301507537689	2.7284183278604184
45.97989949748744	2.675424360935006
46.35678391959799	2.618008085027061
46.733668341708544	2.5791396977855734
47.11055276381909	2.563923224268762
47.48743718592965	2.5358945373145687
47.8643216080402	2.518967349786838
48.24120603015076	2.5894114924226552
48.618090452261306	2.6422409959878923
48.994974874371856	2.6995594075541542
49.37185929648241	2.706853859455284
49.74874371859296	2.6862100561581963
50.12562814070352	2.6021125482375402
50.50251256281407	2.642390326584683
50.879396984924625	2.6635222570894794
51.256281407035175	2.693330051770659
51.63316582914573	2.6708643380128225
52.01005025125628	2.608544948662555
52.38693467336683	2.566330957116046
52.76381909547739	2.5922156280861377
53.14070351758794	2.656187249913934
53.517587939698494	2.676039647353312
53.89447236180904	2.6929495100949588
54.2713567839196	2.650218621113485
54.64824120603015	2.6300769574307705
55.02512562814071	2.6367397190175996
55.402010050251256	2.6217676637245453
55.778894472361806	2.6084070417030687
56.15577889447236	2.6202769430176454
56.53266331658291	2.6474488971815435
56.90954773869347	2.633731237886321
57.28643216080402	2.6275429519180804
57.663316582914575	2.6125968480216377
58.040201005025125	2.647937282025977
58.41708542713568	2.628837271765658
58.79396984924623	2.5954553748566482
59.17085427135678	2.5670878253764693
59.54773869346734	2.5808073733136943
59.92462311557789	2.5513597751865693
60.301507537688444	2.5839279358160074
60.678391959798994	2.588771516660931
61.05527638190955	2.608932167862517
61.4321608040201	2.64855173465936
61.80904522613066	2.573689343927724
62.185929648241206	2.542782552142514
62.562814070351756	2.4865563825951646
62.93969849246231	2.443656593599781
63.31658291457286	2.4475306074145657
63.69346733668342	2.446566101766445
64.07035175879398	2.4923999206086447
64.44723618090453	2.4869167301954778
64.82412060301507	2.4623818266733273
65.20100502512562	2.519681788836954
65.57788944723617	2.5231034395477265
65.95477386934674	2.5459403810080774
66.33165829145729	2.5565759615803625
66.70854271356784	2.5400405694586032
67.08542713567839	2.4649522277957505
67.46231155778895	2.457354505833401
67.8391959798995	2.447628641470997
68.21608040201005	2.4878213250265397
68.5929648241206	2.4960477951686073
68.96984924623115	2.5053740035744485
69.34673366834171	2.5267953682850717
69.72361809045226	2.5533102727024204
70.10050251256281	2.5675349028320404
70.47738693467336	2.6272864989680405
70.85427135678393	2.6543464848921574
71.23115577889448	2.5991178095184595
71.60804020100502	2.513631525621746
71.98492462311557	2.4734156593934986
72.36180904522612	2.4290025141289693
72.73869346733669	2.3426300860305003
73.11557788944724	2.3198605709924016
73.49246231155779	2.313825157977759
73.86934673366834	2.364315349761035
74.2462311557789	2.4401925613381925
74.62311557788945	2.5026822198789533
75.0	2.5000790821080163
