0.0	0.8178195932883421
0.3768844221105528	0.8069826047318677
0.7537688442211056	0.7693165099685367
1.1306532663316582	0.7603844989914283
1.5075376884422111	0.6777358391751407
1.8844221105527639	0.6535582748505142
2.2613065326633164	0.6131671381342375
2.6381909547738696	0.4817877700698826
3.0150753768844223	0.471602071591338
3.391959798994975	0.4015804575410806
3.7688442211055277	0.3679283417299572
4.1457286432160805	0.3294304577796539
4.522613065326633	0.24816656689792974
4.899497487437186	0.25781321961768766
5.276381909547739	0.2506207317257133
5.653266331658291	0.24473354496174446
6.030150753768845	0.34324452180948817
6.407035175879397	0.3518206000333889
6.78391959798995	0.38967332551783096
7.160804020100502	0.4349663747896311
7.5376884422110555	0.46842474541011625
7.914572864321608	0.5199178911930044
8.291457286432161	0.5670275450663023
8.668341708542714	0.5941538254630081
9.045226130653266	0.6183741289276157
9.422110552763819	0.6604462511973239
9.798994974874372	0.668689257446249
10.175879396984925	0.6766880360214793
10.552763819095478	0.6528405034124592
10.92964824120603	0.6366979599621886
11.306532663316583	0.6228690238140432
11.683417085427136	0.5918076103682866
12.06030150753769	0.5575673704702587
12.43718592964824	0.5266449555761742
12.814070351758794	0.5097182928678775
13.190954773869347	0.4806199996091045
13.5678391959799	0.485086329281514
13.944723618090451	0.4985853471281444
14.321608040201005	0.4177240820563669
14.698492462311558	0.4346392877095261
15.075376884422111	0.45726292566489574
15.452261306532664	0.3994129024529831
15.829145728643216	0.45025400904558793
16.20603015075377	0.4639615089226267
16.582914572864322	0.483723799365049
16.959798994974875	0.523280234228233
17.33668341708543	0.4753396627920948
17.71356783919598	0.5188867907479842
18.09045226130653	0.5333211868032023
18.467336683417084	0.5415953867755591
18.844221105527637	0.564272226224413
19.22110552763819	0.5596989614707778
19.597989949748744	0.5572678286290066
19.974874371859297	0.5557319967230363
20.35175879396985	0.5447982658126361
20.728643216080403	0.5403387708211665
21.105527638190956	0.5247178700175306
21.482412060301506	0.521791153036031
21.85929648241206	0.487536434351848
22.236180904522612	0.5039195294138767
22.613065326633166	0.48504901693246266
22.98994974874372	0.47883162155736725
23.366834170854272	0.4818441025078416
23.743718592964825	0.4533854928384404
24.12060301507538	0.4792511476399822
24.497487437185928	0.47975144530373615
24.87437185929648	0.48707186456088664
25.251256281407034	0.47905916852172936
25.628140703517587	0.48581401177764694
26.00502512562814	0.5080879073699791
26.381909547738694	0.5194181959551158
26.758793969849247	0.5169370022267479
27.1356783919598	0.5268307572120082
27.512562814070353	0.5404021091547846
27.889447236180903	0.543943136397541
28.266331658291456	0.5527050108570262
28.64321608040201	0.5255390959253642
29.020100502512562	0.5344336156212226
29.396984924623116	0.5319733683042402
29.77386934673367	0.5209476125244095
30.150753768844222	0.5164441717989947
30.527638190954775	0.5225681313062966
30.90452261306533	0.5122644316917206
31.281407035175878	0.5111638911015451
31.65829145728643	0.5031129770279291
32.03517587939699	0.5053191421104978
32.41206030150754	0.5087759906037619
32.78894472361809	0.5096466607686868
33.165829145728644	0.5083932562605776
33.54271356783919	0.5169312239307458
33.91959798994975	0.491615935708125
34.2964824120603	0.5066213780164401
34.67336683417086	0.513749046414324
35.050251256281406	0.5185176713638381
35.42713567839196	0.5022512441898495
35.80402010050251	0.5125819360843717
36.18090452261306	0.5011747658801603
36.55778894472362	0.5235365103550031
36.93467336683417	0.5110886415962211
37.311557788944725	0.49983736096901815
37.688442211055275	0.5129459986518374
38.06532663316583	0.5048919463211322
38.44221105527638	0.5267932941949345
38.81909547738694	0.509639810394348
39.19597989949749	0.5021059294514593
39.57286432160804	0.5016570562916318
39.949748743718594	0.48994907267842885
40.32663316582914	0.5036479170218866
40.7035175879397	0.5066722344610001
41.08040201005025	0.5155704231617698
41.45728643216081	0.5157444460456256
41.834170854271356	0.5148196246341136
42.21105527638191	0.5108354436083586
42.58793969849246	0.5043623346777325
42.96482412060301	0.4821613109255269
43.34170854271357	0.49322945395319495
43.71859296482412	0.5042770950318033
44.095477386934675	0.5155709108793589
44.472361809045225	0.5454462474864754
44.84924623115578	0.5340746230577129
45.22613065326633	0.5249618779944603
45.60301507537689	0.5171196138285927
45.97989949748744	0.508878322157637
46.35678391959799	0.5349080343097102
46.733668341708544	0.5320964554206092
47.11055276381909	0.5166304767131145
47.48743718592965	0.527383030313089
47.8643216080402	0.5009676391043875
48.24120603015076	0.536178238129359
48.618090452261306	0.5252936164835144
48.994974874371856	0.5289859436792416
49.37185929648241	0.5354623150197083
49.74874371859296	0.5151443168530484
50.12562814070352	0.514048341514288
50.50251256281407	0.5080188214459097
50.879396984924625	0.5009938354448052
51.256281407035175	0.49871499579201695
51.63316582914573	0.4963474089775966
52.01005025125628	0.5109759702149816
52.38693467336683	0.5068621957789878
52.76381909547739	0.5087923494322811
53.14070351758794	0.4872999854669949
53.517587939698494	0.49676827106404664
53.89447236180904	0.4929749857111688
54.2713567839196	0.48814564327459486
54.64824120603015	0.5035866113005766
55.02512562814071	0.5080622228833832
55.402010050251256	0.49503735661665427
55.778894472361806	0.5050955058321145
56.15577889447236	0.48145170474142496
56.53266331658291	0.518778180310826
56.90954773869347	0.5091267067871724
57.28643216080402	0.5029303273970327
57.663316582914575	0.5072273488004841
58.040201005025125	0.533080083350715
58.41708542713568	0.5253323231408401
58.79396984924623	0.5133685000360124
59.17085427135678	0.5240731122754446
59.54773869346734	0.5396544032783263
59.92462311557789	0.5226275057409747
60.301507537688444	0.5203159618114072
60.678391959798994	0.5371572924971912
61.05527638190955	0.5098733021709465
61.4321608040201	0.5164109718940733
61.80904522613066	0.4994297348586608
62.185929648241206	0.4980382517532167
62.562814070351756	0.5187266610523831
62.93969849246231	0.5101388381113643
63.31658291457286	0.4924331763801439
63.69346733668342	0.5020815648708901
64.07035175879398	0.5026771166074196
64.44723618090453	0.4838047739400683
64.82412060301507	0.5002862437250497
65.20100502512562	0.5040052504661607
65.57788944723617	0.5120408955749196
65.95477386934674	0.5234460386257356
66.33165829145729	0.5194268399400582
66.70854271356784	0.5223009944934008
67.08542713567839	0.5337842494539999
67.46231155778895	0.5440104764514727
67.8391959798995	0.52756371694142
68.21608040201005	0.5483501728498159
68.5929648241206	0.5336020997241103
68.96984924623115	0.5328711283221468
69.34673366834171	0.5300431449524885
69.72361809045226	0.528073002897482
70.10050251256281	0.5180627060855678
70.47738693467336	0.5082239783500669
70.85427135678393	0.49110324544283357
71.23115577889448	0.49961934732563595
71.60804020100502	0.48664678891685453
71.98492462311557	0.48777069561673725
72.36180904522612	0.4864809747530416
72.73869346733669	0.47797474699938874
73.11557788944724	0.46797130360264505
73.49246231155779	0.4789685445005099
73.86934673366834	0.48724678891497414
74.2462311557789	0.45906058288586193
74.62311557788945	0.49205524410257584
75.0	0.4955698554836296
