0.0	0.8145612470381574
50.25125628140704	0.500033127917645
100.50251256281408	0.5282084734113655
150.7537688442211	0.47026723069125115
201.00502512562815	0.4657650093443542
251.25628140703517	0.46528967324401294
301.5075376884422	0.4460767542384216
351.75879396984925	0.46044992835391296
402.0100502512563	0.44362783461725636
452.2613065326633	0.44529889584287324
502.51256281407035	0.4474112090424886
552.7638190954774	0.42248777317512237
603.0150753768844	0.41183450509271474
653.2663316582915	0.42235301613396187
703.5175879396985	0.39828336980994145
753.7688442211055	0.4082591898283782
804.0201005025126	0.3986952226146401
854.2713567839196	0.42530140454012627
904.5226130653266	0.4030908973177353
954.7738693467337	0.40665973288687335
1005.0251256281407	0.39550620821844806
1055.2763819095478	0.39367117946229296
1105.5276381909548	0.3950364180632605
1155.7788944723618	0.40045950073983927
1206.0301507537688	0.37675947376509944
1256.2814070351758	0.39164643582230846
1306.532663316583	0.38653451054696714
1356.78391959799	0.39482050638037547
1407.035175879397	0.391499640389434
1457.286432160804	0.3779885057731898
1507.537688442211	0.38700037461839637
1557.788944723618	0.3775116566606085
1608.0402010050252	0.38227398807232243
1658.2914572864322	0.3815023593400323
1708.5427135678392	0.39222248960522865
1758.7939698492462	0.3831544218576778
1809.0452261306532	0.38019111755862345
1859.2964824120604	0.38095197571936934
1909.5477386934674	0.3691407435967057
1959.7989949748744	0.37437046370194343
2010.0502512562814	0.3810040882989605
2060.3015075376884	0.40038381695954756
2110.5527638190956	0.3858196236400802
2160.8040201005024	0.3740607119308467
2211.0552763819096	0.3818878525531365
2261.3065326633164	0.3786222377624799
2311.5577889447236	0.3576882689130597
2361.809045226131	0.36736582931770334
2412.0603015075376	0.37718877721181476
2462.311557788945	0.3708056449661715
2512.5628140703516	0.3888421343471086
2562.814070351759	0.3743227728162723
2613.065326633166	0.3794464915904351
2663.316582914573	0.3736896715100619
2713.56783919598	0.3684809996294243
2763.819095477387	0.36616326067558186
2814.070351758794	0.35339729334697995
2864.321608040201	0.356643983435876
2914.572864321608	0.35536561839219655
2964.824120603015	0.3450424523972248
3015.075376884422	0.35851277979409724
3065.326633165829	0.3515739457633549
3115.577889447236	0.36130478832362495
3165.829145728643	0.34603599087669423
3216.0804020100504	0.35695652279450407
3266.331658291457	0.3585868058050514
3316.5829145728644	0.3409466270764278
3366.834170854271	0.3730936993701048
3417.0854271356784	0.35217616757483994
3467.3366834170856	0.3507935720773683
3517.5879396984924	0.3363372421656903
3567.8391959798996	0.3630606063565121
3618.0904522613064	0.35230655209802475
3668.3417085427136	0.35496207106536015
3718.592964824121	0.35179039714170535
3768.8442211055276	0.34914608769598066
3819.095477386935	0.3475800720485236
3869.3467336683416	0.35230584405311416
3919.597989949749	0.34513175440009153
3969.8492462311556	0.35019703939472724
4020.100502512563	0.3502292998193374
4070.35175879397	0.36266141176943245
4120.603015075377	0.35534563054712276
4170.854271356784	0.3378412544842589
4221.105527638191	0.3563832212680151
4271.356783919598	0.3573512773095322
4321.608040201005	0.35906300624148996
4371.859296482412	0.35005933754471147
4422.110552763819	0.3461773239474907
4472.361809045226	0.3369093694833375
4522.613065326633	0.34628640947348727
4572.86432160804	0.33383847908105474
4623.115577889447	0.34821365405891974
4673.366834170854	0.33844298867784905
4723.618090452262	0.3467802142707848
4773.869346733668	0.33431488675459914
4824.120603015075	0.3358009379309688
4874.371859296482	0.3480907339330832
4924.62311557789	0.3280176197322632
4974.874371859297	0.3415334190116285
5025.125628140703	0.3386158558595933
5075.37688442211	0.3236828768676034
5125.628140703518	0.330699910014955
5175.879396984925	0.34292087007995276
5226.130653266332	0.31610454388819514
5276.381909547738	0.3586777393892515
5326.633165829146	0.35397220842257715
5376.884422110553	0.34320360103780684
5427.13567839196	0.3461144596471868
5477.386934673367	0.33533239309021773
5527.638190954774	0.33808937100263736
5577.889447236181	0.35135048068717334
5628.140703517588	0.3337470997582025
5678.391959798995	0.3260436907902686
5728.643216080402	0.3380748613453879
5778.894472361809	0.3261699192581002
5829.145728643216	0.34390136048393366
5879.396984924623	0.3210210414280607
5929.64824120603	0.33242062083819607
5979.899497487437	0.3461285662458725
6030.150753768844	0.3286377893858142
6080.402010050251	0.32095151857022874
6130.653266331658	0.34501176887108265
6180.904522613066	0.3284026683170456
6231.155778894472	0.33047850730294925
6281.407035175879	0.31336803787337586
6331.658291457286	0.33496174790079164
6381.909547738694	0.34536394920440505
6432.160804020101	0.33686135902516035
6482.412060301507	0.3576748410114638
6532.663316582914	0.33358946736426764
6582.914572864322	0.3683481141517452
6633.165829145729	0.3312071808033366
6683.417085427136	0.35514858981875086
6733.668341708542	0.3332627456965424
6783.91959798995	0.33996485582091746
6834.170854271357	0.31783554140563736
6884.422110552764	0.3309510152004122
6934.673366834171	0.33274026281991526
6984.924623115578	0.32866765396786274
7035.175879396985	0.31753505968126167
7085.427135678392	0.36131993520427447
7135.678391959799	0.3373434816870234
7185.929648241206	0.33704853698639214
7236.180904522613	0.3394823845248098
7286.43216080402	0.3320776420805043
7336.683417085427	0.3363482823885627
7386.934673366834	0.33608392978972146
7437.185929648242	0.3366476101955801
7487.437185929648	0.3507330402711421
7537.688442211055	0.3542784442031272
7587.939698492462	0.3411043728046636
7638.19095477387	0.33441803782358176
7688.442211055276	0.3301678727981181
7738.693467336683	0.3217564387927223
7788.94472361809	0.3373046965304623
7839.195979899498	0.3269224353060879
7889.447236180905	0.3563512266715484
7939.698492462311	0.33616641189086927
7989.949748743718	0.3445690147768166
8040.201005025126	0.3280126919749311
8090.452261306533	0.3317334293245239
8140.70351758794	0.3270767510462496
8190.954773869346	0.32666206033233053
8241.206030150754	0.32878121619912276
8291.457286432162	0.3450303540196092
8341.708542713568	0.32909370288158163
8391.959798994974	0.33335512318923294
8442.211055276382	0.348251279463618
8492.462311557789	0.3333061135200682
8542.713567839195	0.32707207433357194
8592.964824120603	0.3253416817397127
8643.21608040201	0.3261284844242667
8693.467336683418	0.3283442771971154
8743.718592964824	0.3276787964352055
8793.96984924623	0.31683923765135014
8844.221105527638	0.34114699279200267
8894.472361809045	0.3377806286859779
8944.723618090453	0.3326590064397085
8994.97487437186	0.3274737060548173
9045.226130653265	0.30296041540698
9095.477386934674	0.31399607322228007
9145.72864321608	0.33597941596408326
9195.979899497488	0.3324277437761033
9246.231155778894	0.3230188992235487
9296.4824120603	0.3121340974686485
9346.733668341709	0.3312328408375328
9396.984924623115	0.3284139119254446
9447.236180904523	0.32262857249270677
9497.48743718593	0.3259981907236232
9547.738693467336	0.32528788797039904
9597.989949748744	0.3358906862744924
9648.24120603015	0.3324818921798072
9698.492462311558	0.3396422659579318
9748.743718592965	0.3182333003080023
9798.994974874371	0.3351224632280825
9849.24623115578	0.3304675069922794
9899.497487437186	0.3170813545583911
9949.748743718594	0.3190744262910743
10000.0	0.33449893371428074
